******************************************************************************
tstart called on v245-247.ornl-visitor.org
Thu May 11 11:52:48 2006

-----------------------------------------------------------------------------

			HYLLERAAS-TYPE CI EXPANSION

	Z = 2.000	n+l+m(max) = 1	n+l+m(min) = 0	nmax = 1	lmax = 1	mmax = 1	N = 3
	Performing Hylleraas-type calculation
	 Overlap matrix

           1

    1   1.0000000
	1 basis functions are linearly independent

	Number of slater determinants = 1
	 Slater determinants (in rows) expressed in terms of Hylleraas functions

           1           2           3

    1   1.0000000   0.0000000   0.0000000
	 Overlap matrix in slater determinant basis computed via Hylleraas basis

           1

    1   1.0000000
	 Overlap matrix in slater determinant basis computed directly

           1

    1   1.0000000

	Number of SD  = 1

	Number of CSF = 1
	 CSFs (in rows) expressed in terms of Slater determinants

           1

    1   1.0000000

	Number of CSF = 1
	 Hylleraas functions (in rows) expressed in terms of CSFs

           1

    1   1.0000000
    2   0.0000000
    3   0.0000000
	 CSFs (in rows) expressed in terms of Hylleraas functions

           1           2           3

    1   1.0000000   0.0000000   0.0000000
	 Overlap matrix in CSF basis computed via Hylleraas basis

           1

    1   1.0000000
	 Overlap matrix in CSF basis computed directly

           1

    1   1.0000000
	 Overlap matrix in Hylleraas basis basis computed directly

           1           2           3

    1   1.0000000   0.8930431   0.9258201
    2   0.8930431   1.0000000   0.9645968
    3   0.9258201   0.9645968   1.0000000
	 Overlap matrix in Hylleraas basis computed via CSFs

           1           2           3

    1   1.0000000   0.0000000   0.0000000
    2   0.0000000   0.0000000   0.0000000
    3   0.0000000   0.0000000   0.0000000
	Should be 1

           1

    1   1.0000000
	Should be 1

           1           2           3

    1   1.0000000   0.0000000   0.0000000
    2   0.0000000   0.0000000   0.0000000
    3   0.0000000   0.0000000   0.0000000
	Hylleraas functions in terms of determinants

           1

    1   1.0000000
    2   0.0000000
    3   0.0000000
	Should be 1

           1           2           3

    1   1.0000000   0.0000000   0.0000000
    2   0.0000000   0.0000000   0.0000000
    3   0.0000000   0.0000000   0.0000000
	iter 1: E = -2.843750000000  dE = -0.875000000000  e = -0.875000000000
	iter 2: E = -2.843750000000  dE =  0.000000000000  e = -0.875000000000
	O

           1           2           3

    1   1.0000000   0.0000000   0.0000000
    2   0.0000000   0.0000000   0.0000000
    3   0.0000000   0.0000000   0.0000000
	 sq_inverse: evals
	 1.000000e+00
	(H0 - E0)h

           1           2           3

    1   1.7479042  -0.0162679   0.0582975
    2  -0.0162679   1.6237260   0.4525149
    3   0.0582975   0.4525149   0.1283698
	 sq_inverse: evals
	 8.326673e-16
	 1.750000e+00
	 1.750000e+00
	 E(MP2) =   -0.1175834673
test 0: E =    0.0000000000
test 1: E =   -2.8437500000
test 2: S =    1.0000000000
test 3: E =   -1.0937500000
test 4: E =   -1.7500000000
	TEST: c^T * S * c = 1.000000000 (should be 1.0)
******************************************************************************
tstop called on v245-247.ornl-visitor.org
Thu May 11 11:52:48 2006

user time   =       0.12 seconds =       0.00 minutes
system time =       0.00 seconds =       0.00 minutes
total time  =          0 seconds =       0.00 minutes
******************************************************************************
tstart called on Everest.local
Thu May 11 16:14:45 2006

-----------------------------------------------------------------------------

			HYLLERAAS-TYPE CI EXPANSION

	Z = 2.000	n+l+m(max) = 4	n+l+m(min) = 0	nmax = 4	lmax = 4	mmax = 4	N = 22
	Performing Hylleraas-type calculation
	 Overlap matrix

           1           2           3

    1   1.0000000   0.8660254   0.6324555
    2   0.8660254   1.0000000   0.9128709
    3   0.6324555   0.9128709   1.0000000
	3 basis functions are linearly independent

	Number of slater determinants = 9
	 Slater determinants (in rows) expressed in terms of Hylleraas functions

           1           2           3           4           5           6           7           8           9          10

    1   1.0000000   0.0000000   0.0000000   0.0000000   0.0000000   0.0000000   0.0000000   0.0000000   0.0000000   0.0000000
    2   0.0000000   0.0000000   0.0000000   0.0000000   0.0000000   0.0000000   0.0000000   0.0000000   0.0000000   0.9354143
    3   0.0000000   0.0000000   0.0000000   0.0000000   0.0000000   0.1581139   0.0000000   0.0000000   0.0000000   0.0000000
    4   0.0000000   0.0000000   0.0000000   0.0000000   0.0000000   0.0000000   0.0000000   0.0000000   0.0000000   0.9354143
    5   0.0000000   0.0000000   0.0000000   0.0000000   0.0000000  -0.2500000   0.0000000   0.0000000   0.0000000   0.0000000
    6   0.0000000   0.0000000   0.0000000   0.0000000   0.0000000   0.0000000   0.0000000   0.0000000   0.0000000   0.0000000
    7   0.0000000   0.0000000   0.0000000   0.0000000   0.0000000   0.1581139   0.0000000   0.0000000   0.0000000   0.0000000
    8   0.0000000   0.0000000   0.0000000   0.0000000   0.0000000   0.0000000   0.0000000   0.0000000   0.0000000   0.0000000
    9   0.0000000   0.0000000   0.0000000   0.0000000   0.0000000   0.0000000   0.0000000   0.0000000   0.1350154   0.0000000

          11          12          13          14          15          16          17          18          19          20

    1   0.0000000   0.0000000   0.0000000   0.0000000   0.0000000   0.0000000   0.0000000   0.0000000   0.0000000   0.0000000
    2   0.0000000   0.0000000   0.0000000   0.0000000   0.0000000   0.0000000   0.0000000   0.0000000   0.0000000   0.0000000
    3   0.0000000   0.0000000   0.0000000   0.0000000   0.0000000   0.7245688   0.0000000   0.0000000   0.0000000   0.0000000
    4   0.0000000   0.0000000   0.0000000   0.0000000   0.0000000   0.0000000   0.0000000   0.0000000   0.0000000   0.0000000
    5   0.0000000   0.0000000   0.0000000   0.0000000   0.0000000   1.1456439   0.0000000   0.0000000   0.0000000   0.0000000
    6   0.0000000   0.0000000   0.0000000  -0.2393568   0.0000000   0.0000000   0.0000000   0.0000000   0.0000000   1.0968705
    7   0.0000000   0.0000000   0.0000000   0.0000000   0.0000000   0.7245688   0.0000000   0.0000000   0.0000000   0.0000000
    8   0.0000000   0.0000000   0.0000000  -0.2393568   0.0000000   0.0000000   0.0000000   0.0000000   0.0000000   1.0968705
    9   0.0000000   0.0000000   0.0000000   0.0000000   0.0000000   0.0000000   0.0000000   0.0000000  -0.5458174   0.0000000

          21          22

    1   0.0000000   0.0000000
    2   0.0000000   0.0000000
    3   0.0000000   0.0000000
    4   0.0000000   0.0000000
    5   0.0000000   0.0000000
    6   0.0000000   0.0000000
    7   0.0000000   0.0000000
    8   0.0000000   0.0000000
    9   0.0000000   1.2506248
	 Overlap matrix in slater determinant basis computed via Hylleraas basis

           1           2           3           4           5           6           7           8           9

    1   1.0000000   0.8660254   0.6324555   0.8660254   0.7500000   0.5477226   0.6324555   0.5477226   0.4000000
    2   0.8660254   0.8750000   0.7302967   0.8750000   0.8660254   0.7115125   0.7302967   0.7115125   0.5773503
    3   0.6324555   0.7302967   0.7000000   0.7302967   0.7905694   0.7216878   0.7000000   0.7216878   0.6324555
    4   0.8660254   0.8750000   0.7302967   0.8750000   0.8660254   0.7115125   0.7302967   0.7115125   0.5773503
    5   0.7500000   0.8660254   0.7905694   0.8660254   1.0000000   0.9128709   0.7905694   0.9128709   0.8333333
    6   0.5477226   0.7115125   0.7216878   0.7115125   0.9128709   0.9166667   0.7216878   0.9166667   0.9128709
    7   0.6324555   0.7302967   0.7000000   0.7302967   0.7905694   0.7216878   0.7000000   0.7216878   0.6324555
    8   0.5477226   0.7115125   0.7216878   0.7115125   0.9128709   0.9166667   0.7216878   0.9166667   0.9128709
    9   0.4000000   0.5773503   0.6324555   0.5773503   0.8333333   0.9128709   0.6324555   0.9128709   1.0000000
	 Overlap matrix in slater determinant basis computed directly

           1           2           3           4           5           6           7           8           9

    1   1.0000000   0.8660254   0.6324555   0.8660254   0.7500000   0.5477226   0.6324555   0.5477226   0.4000000
    2   0.8660254   1.0000000   0.9128709   0.7500000   0.8660254   0.7905694   0.5477226   0.6324555   0.5773503
    3   0.6324555   0.9128709   1.0000000   0.5477226   0.7905694   0.8660254   0.4000000   0.5773503   0.6324555
    4   0.8660254   0.7500000   0.5477226   1.0000000   0.8660254   0.6324555   0.9128709   0.7905694   0.5773503
    5   0.7500000   0.8660254   0.7905694   0.8660254   1.0000000   0.9128709   0.7905694   0.9128709   0.8333333
    6   0.5477226   0.7905694   0.8660254   0.6324555   0.9128709   1.0000000   0.5773503   0.8333333   0.9128709
    7   0.6324555   0.5477226   0.4000000   0.9128709   0.7905694   0.5773503   1.0000000   0.8660254   0.6324555
    8   0.5477226   0.6324555   0.5773503   0.7905694   0.9128709   0.8333333   0.8660254   1.0000000   0.9128709
    9   0.4000000   0.5773503   0.6324555   0.5773503   0.8333333   0.9128709   0.6324555   0.9128709   1.0000000

	Number of SD  = 9

	Number of CSF = 6
	 CSFs (in rows) expressed in terms of Slater determinants

           1           2           3           4           5           6           7           8           9

    1   1.0000000   0.0000000   0.0000000   0.0000000   0.0000000   0.0000000   0.0000000   0.0000000   0.0000000
    2   0.0000000   0.7071068   0.0000000   0.7071068   0.0000000   0.0000000   0.0000000   0.0000000   0.0000000
    3   0.0000000   0.0000000   0.0000000   0.0000000   1.0000000   0.0000000   0.0000000   0.0000000   0.0000000
    4   0.0000000   0.0000000   0.7071068   0.0000000   0.0000000   0.0000000   0.7071068   0.0000000   0.0000000
    5   0.0000000   0.0000000   0.0000000   0.0000000   0.0000000   0.7071068   0.0000000   0.7071068   0.0000000
    6   0.0000000   0.0000000   0.0000000   0.0000000   0.0000000   0.0000000   0.0000000   0.0000000   1.0000000

	Number of CSF = 6
	 Hylleraas functions (in rows) expressed in terms of CSFs

           1           2           3           4           5           6

    1   1.0000000   0.0000000   0.0000000   0.0000000   0.0000000   0.0000000
    2   0.0000000   0.0000000   0.0000000   0.0000000   0.0000000   0.0000000
    3   0.0000000   0.0000000   0.0000000   0.0000000   0.0000000   0.0000000
    4   0.0000000   0.0000000   0.0000000   0.0000000   0.0000000   0.0000000
    5   0.0000000   0.0000000   0.0000000   0.0000000   0.0000000   0.0000000
    6   0.0000000   0.0000000  -2.0000000   2.2360680   0.0000000   0.0000000
    7   0.0000000   0.0000000   0.0000000   0.0000000   0.0000000   0.0000000
    8   0.0000000   0.0000000   0.0000000   0.0000000   0.0000000   0.0000000
    9   0.0000000   0.0000000   0.0000000   0.0000000   0.0000000   2.7774603
   10   0.0000000   0.7559289   0.0000000   0.0000000   0.0000000   0.0000000
   11   0.0000000   0.0000000   0.0000000   0.0000000   0.0000000   0.0000000
   12   0.0000000   0.0000000   0.0000000   0.0000000   0.0000000   0.0000000
   13   0.0000000   0.0000000   0.0000000   0.0000000   0.0000000   0.0000000
   14   0.0000000   0.0000000   0.0000000   0.0000000  -0.7385489   0.0000000
   15   0.0000000   0.0000000   0.0000000   0.0000000   0.0000000   0.0000000
   16   0.0000000   0.0000000   0.4364358   0.4879500   0.0000000   0.0000000
   17   0.0000000   0.0000000   0.0000000   0.0000000   0.0000000   0.0000000
   18   0.0000000   0.0000000   0.0000000   0.0000000   0.0000000   0.0000000
   19   0.0000000   0.0000000   0.0000000   0.0000000   0.0000000  -0.4580286
   20   0.0000000   0.0000000   0.0000000   0.0000000   0.4834938   0.0000000
   21   0.0000000   0.0000000   0.0000000   0.0000000   0.0000000   0.0000000
   22   0.0000000   0.0000000   0.0000000   0.0000000   0.0000000   0.2998501
	 CSFs (in rows) expressed in terms of Hylleraas functions

           1           2           3           4           5           6           7           8           9          10

    1   1.0000000   0.0000000   0.0000000   0.0000000   0.0000000   0.0000000   0.0000000   0.0000000   0.0000000   0.0000000
    2   0.0000000   0.0000000   0.0000000   0.0000000   0.0000000   0.0000000   0.0000000   0.0000000   0.0000000   1.3228757
    3   0.0000000   0.0000000   0.0000000   0.0000000   0.0000000  -0.2500000   0.0000000   0.0000000   0.0000000   0.0000000
    4   0.0000000   0.0000000   0.0000000   0.0000000   0.0000000   0.2236068   0.0000000   0.0000000   0.0000000   0.0000000
    5   0.0000000   0.0000000   0.0000000   0.0000000   0.0000000   0.0000000   0.0000000   0.0000000   0.0000000   0.0000000
    6   0.0000000   0.0000000   0.0000000   0.0000000   0.0000000   0.0000000   0.0000000   0.0000000   0.1350154   0.0000000

          11          12          13          14          15          16          17          18          19          20

    1   0.0000000   0.0000000   0.0000000   0.0000000   0.0000000   0.0000000   0.0000000   0.0000000   0.0000000   0.0000000
    2   0.0000000   0.0000000   0.0000000   0.0000000   0.0000000   0.0000000   0.0000000   0.0000000   0.0000000   0.0000000
    3   0.0000000   0.0000000   0.0000000   0.0000000   0.0000000   1.1456439   0.0000000   0.0000000   0.0000000   0.0000000
    4   0.0000000   0.0000000   0.0000000   0.0000000   0.0000000   1.0246951   0.0000000   0.0000000   0.0000000   0.0000000
    5   0.0000000   0.0000000   0.0000000  -0.3385016   0.0000000   0.0000000   0.0000000   0.0000000   0.0000000   1.5512092
    6   0.0000000   0.0000000   0.0000000   0.0000000   0.0000000   0.0000000   0.0000000   0.0000000  -0.5458174   0.0000000

          21          22

    1   0.0000000   0.0000000
    2   0.0000000   0.0000000
    3   0.0000000   0.0000000
    4   0.0000000   0.0000000
    5   0.0000000   0.0000000
    6   0.0000000   1.2506248
	 Overlap matrix in CSF basis computed via Hylleraas basis

           1           2           3           4           5           6

    1   1.0000000   1.2247449   0.7500000   0.8944272   0.7745967   0.4000000
    2   1.2247449   1.7500000   1.2247449   1.4605935   1.4230249   0.8164966
    3   0.7500000   1.2247449   1.0000000   1.1180340   1.2909944   0.8333333
    4   0.8944272   1.4605935   1.1180340   1.4000000   1.4433757   0.8944272
    5   0.7745967   1.4230249   1.2909944   1.4433757   1.8333333   1.2909944
    6   0.4000000   0.8164966   0.8333333   0.8944272   1.2909944   1.0000000
	 Overlap matrix in CSF basis computed directly

           1           2           3           4           5           6

    1   1.0000000   1.2247449   0.7500000   0.8944272   0.7745967   0.4000000
    2   1.2247449   1.7500000   1.2247449   1.4605935   1.4230249   0.8164966
    3   0.7500000   1.2247449   1.0000000   1.1180340   1.2909944   0.8333333
    4   0.8944272   1.4605935   1.1180340   1.4000000   1.4433757   0.8944272
    5   0.7745967   1.4230249   1.2909944   1.4433757   1.8333333   1.2909944
    6   0.4000000   0.8164966   0.8333333   0.8944272   1.2909944   1.0000000
	 Overlap matrix in Hylleraas basis basis computed directly

           1           2           3           4           5           6           7           8           9          10

    1   1.0000000   0.8930431   0.6928203   0.4960784   0.3367175   0.5000000   0.3587026   0.2434322   0.1851640   0.9258201
    2   0.8930431   1.0000000   0.9280777   0.7715167   0.5953925   0.6548983   0.5477226   0.4239212   0.3189075   0.9645968
    3   0.6928203   0.9280777   1.0000000   0.9451562   0.8164966   0.6928203   0.6608278   0.5738948   0.4276180   0.8552360
    4   0.4960784   0.7715167   0.9451562   1.0000000   0.9554589   0.6449019   0.6902093   0.6641881   0.4907728   0.6889190
    5   0.3367175   0.5953925   0.8164966   0.9554589   1.0000000   0.5499719   0.6522198   0.6885304   0.5050185   0.5195664
    6   0.5000000   0.6548983   0.6928203   0.6449019   0.5499719   1.0000000   0.9433412   0.8114408   0.7715167   0.6172134
    7   0.3587026   0.5477226   0.6608278   0.6902093   0.6522198   0.9433412   1.0000000   0.9542804   0.9013981   0.4981411
    8   0.2434322   0.4239212   0.5738948   0.6641881   0.6885304   0.8114408   0.9542804   1.0000000   0.9390603   0.3756241
    9   0.1851640   0.3189075   0.4276180   0.4907728   0.5050185   0.7715167   0.9013981   0.9390603   1.0000000   0.2857143
   10   0.9258201   0.9645968   0.8552360   0.6889190   0.5195664   0.6172134   0.4981411   0.3756241   0.2857143   1.0000000
   11   0.7367230   0.9428090   0.9843750   0.9092412   0.7718444   0.6946245   0.6454972   0.5495555   0.4134197   0.9094306
   12   0.5284626   0.7963986   0.9534626   0.9912882   0.9341987   0.6605783   0.6930820   0.6566247   0.4892613   0.7338920
   13   0.3574625   0.6177078   0.8324037   0.9607689   0.9944732   0.5679682   0.6631317   0.6913089   0.5108125   0.5515766
   14   0.3813850   0.5619789   0.6605783   0.6763788   0.6292532   0.9534626   0.9893846   0.9284142   0.8827348   0.5296409
   15   0.2584727   0.4385290   0.5819942   0.6631317   0.6788519   0.8308051   0.9607689   0.9932465   0.9382049   0.3988321
   16   0.7637626   0.9094306   0.9071147   0.8118988   0.6735464   0.6546537   0.5870649   0.4869450   0.3703893   0.9428090
   17   0.5619503   0.8090398   0.9385647   0.9536202   0.8831097   0.6622985   0.6770032   0.6287768   0.4730163   0.7803973
   18   0.3807978   0.6376292   0.8397191   0.9523989   0.9723449   0.5817745   0.6658917   0.6834367   0.5092393   0.5875838
   19   0.2748172   0.4499432   0.5817745   0.6498437   0.6549475   0.8397191   0.9505700   0.9663241   0.9187795   0.4240521
   20   0.5825753   0.7803973   0.8649000   0.8515267   0.7706415   0.6241878   0.6157188   0.5571406   0.4237828   0.8090398
   21   0.4049283   0.6477503   0.8265985   0.9162087   0.9191698   0.5832895   0.6504436   0.6544516   0.4923310   0.6248179
   22   0.4197902   0.6248179   0.7617216   0.8181204   0.8021091   0.5497252   0.5915635   0.5798903   0.4410871   0.6477503

          11          12          13          14          15          16          17          18          19          20

    1   0.7367230   0.5284626   0.3574625   0.3813850   0.2584727   0.7637626   0.5619503   0.3807978   0.2748172   0.5825753
    2   0.9428090   0.7963986   0.6177078   0.5619789   0.4385290   0.9094306   0.8090398   0.6376292   0.4499432   0.7803973
    3   0.9843750   0.9534626   0.8324037   0.6605783   0.5819942   0.9071147   0.9385647   0.8397191   0.5817745   0.8649000
    4   0.9092412   0.9912882   0.9607689   0.6763788   0.6631317   0.8118988   0.9536202   0.9523989   0.6498437   0.8515267
    5   0.7718444   0.9341987   0.9944732   0.6292532   0.6788519   0.6735464   0.8831097   0.9723449   0.6549475   0.7706415
    6   0.6946245   0.6605783   0.5679682   0.9534626   0.8308051   0.6546537   0.6622985   0.5817745   0.8397191   0.6241878
    7   0.6454972   0.6930820   0.6631317   0.9893846   0.9607689   0.5870649   0.6770032   0.6658917   0.9505700   0.6157188
    8   0.5495555   0.6566247   0.6913089   0.9284142   0.9932465   0.4869450   0.6287768   0.6834367   0.9663241   0.5571406
    9   0.4134197   0.4892613   0.5108125   0.8827348   0.9382049   0.3703893   0.4730163   0.5092393   0.9187795   0.4237828
   10   0.9094306   0.7338920   0.5515766   0.5296409   0.3988321   0.9428090   0.7803973   0.5875838   0.4240521   0.8090398
   11   1.0000000   0.9385647   0.8007731   0.6622985   0.5684925   0.9645968   0.9534626   0.8265985   0.5832895   0.9197070
   12   0.9385647   1.0000000   0.9523989   0.6928203   0.6658917   0.8649000   0.9843750   0.9607689   0.6656402   0.9071147
   13   0.8007731   0.9523989   1.0000000   0.6498437   0.6902093   0.7150432   0.9162087   0.9912882   0.6763788   0.8181204
   14   0.6622985   0.6928203   0.6498437   1.0000000   0.9505700   0.6241878   0.6946245   0.6656402   0.9607689   0.6546537
   15   0.5684925   0.6658917   0.6902093   0.9505700   1.0000000   0.5170309   0.6504436   0.6930820   0.9893846   0.5915635
   16   0.9645968   0.8649000   0.7150432   0.6241878   0.5170309   1.0000000   0.9197070   0.7617216   0.5497252   0.9534626
   17   0.9534626   0.9843750   0.9162087   0.6946245   0.6504436   0.9197070   1.0000000   0.9457569   0.6673737   0.9645968
   18   0.8265985   0.9607689   0.9912882   0.6656402   0.6930820   0.7617216   0.9457569   1.0000000   0.6928203   0.8715276
   19   0.5832895   0.6656402   0.6763788   0.9607689   0.9893846   0.5497252   0.6673737   0.6928203   1.0000000   0.6289709
   20   0.9197070   0.9071147   0.8181204   0.6546537   0.5915635   0.9534626   0.9645968   0.8715276   0.6289709   1.0000000
   21   0.8397191   0.9457569   0.9536202   0.6673737   0.6770032   0.8099904   0.9607689   0.9843750   0.6946245   0.9267547
   22   0.8099904   0.8715276   0.8515267   0.6289709   0.6157188   0.8397191   0.9267547   0.9071147   0.6546537   0.9607689

          21          22

    1   0.4049283   0.4197902
    2   0.6477503   0.6248179
    3   0.8265985   0.7617216
    4   0.9162087   0.8181204
    5   0.9191698   0.8021091
    6   0.5832895   0.5497252
    7   0.6504436   0.5915635
    8   0.6544516   0.5798903
    9   0.4923310   0.4410871
   10   0.6248179   0.6477503
   11   0.8397191   0.8099904
   12   0.9457569   0.8715276
   13   0.9536202   0.8515267
   14   0.6673737   0.6289709
   15   0.6770032   0.6157188
   16   0.8099904   0.8397191
   17   0.9607689   0.9267547
   18   0.9843750   0.9071147
   19   0.6946245   0.6546537
   20   0.9267547   0.9607689
   21   1.0000000   0.9645968
   22   0.9645968   1.0000000
	 Overlap matrix in Hylleraas basis computed via CSFs

           1           2           3           4           5           6           7           8           9          10

    1   1.0000000   0.0000000   0.0000000   0.0000000   0.0000000   0.5000000   0.0000000   0.0000000   1.1109841   0.9258201
    2   0.0000000   0.0000000   0.0000000   0.0000000   0.0000000   0.0000000   0.0000000   0.0000000   0.0000000   0.0000000
    3   0.0000000   0.0000000   0.0000000   0.0000000   0.0000000   0.0000000   0.0000000   0.0000000   0.0000000   0.0000000
    4   0.0000000   0.0000000   0.0000000   0.0000000   0.0000000   0.0000000   0.0000000   0.0000000   0.0000000   0.0000000
    5   0.0000000   0.0000000   0.0000000   0.0000000   0.0000000   0.0000000   0.0000000   0.0000000   0.0000000   0.0000000
    6   0.5000000   0.0000000   0.0000000   0.0000000   0.0000000   1.0000000   0.0000000   0.0000000   0.9258201   0.6172134
    7   0.0000000   0.0000000   0.0000000   0.0000000   0.0000000   0.0000000   0.0000000   0.0000000   0.0000000   0.0000000
    8   0.0000000   0.0000000   0.0000000   0.0000000   0.0000000   0.0000000   0.0000000   0.0000000   0.0000000   0.0000000
    9   1.1109841   0.0000000   0.0000000   0.0000000   0.0000000   0.9258201   0.0000000   0.0000000   7.7142857   1.7142857
   10   0.9258201   0.0000000   0.0000000   0.0000000   0.0000000   0.6172134   0.0000000   0.0000000   1.7142857   1.0000000
   11   0.0000000   0.0000000   0.0000000   0.0000000   0.0000000   0.0000000   0.0000000   0.0000000   0.0000000   0.0000000
   12   0.0000000   0.0000000   0.0000000   0.0000000   0.0000000   0.0000000   0.0000000   0.0000000   0.0000000   0.0000000
   13   0.0000000   0.0000000   0.0000000   0.0000000   0.0000000   0.0000000   0.0000000   0.0000000   0.0000000   0.0000000
   14  -0.5720776   0.0000000   0.0000000   0.0000000   0.0000000  -0.4767313   0.0000000   0.0000000  -2.6482045  -0.7944613
   15   0.0000000   0.0000000   0.0000000   0.0000000   0.0000000   0.0000000   0.0000000   0.0000000   0.0000000   0.0000000
   16   0.7637626   0.0000000   0.0000000   0.0000000   0.0000000   0.6546537   0.0000000   0.0000000   2.2223356   0.9428090
   17   0.0000000   0.0000000   0.0000000   0.0000000   0.0000000   0.0000000   0.0000000   0.0000000   0.0000000   0.0000000
   18   0.0000000   0.0000000   0.0000000   0.0000000   0.0000000   0.0000000   0.0000000   0.0000000   0.0000000   0.0000000
   19  -0.1832114   0.0000000   0.0000000   0.0000000   0.0000000  -0.1526762   0.0000000   0.0000000  -1.2721563  -0.2827014
   20   0.3745127   0.0000000   0.0000000   0.0000000   0.0000000   0.3120939   0.0000000   0.0000000   1.7336568   0.5200970
   21   0.0000000   0.0000000   0.0000000   0.0000000   0.0000000   0.0000000   0.0000000   0.0000000   0.0000000   0.0000000
   22   0.1199400   0.0000000   0.0000000   0.0000000   0.0000000   0.0999500   0.0000000   0.0000000   0.8328218   0.1850715

          11          12          13          14          15          16          17          18          19          20

    1   0.0000000   0.0000000   0.0000000  -0.5720776   0.0000000   0.7637626   0.0000000   0.0000000  -0.1832114   0.3745127
    2   0.0000000   0.0000000   0.0000000   0.0000000   0.0000000   0.0000000   0.0000000   0.0000000   0.0000000   0.0000000
    3   0.0000000   0.0000000   0.0000000   0.0000000   0.0000000   0.0000000   0.0000000   0.0000000   0.0000000   0.0000000
    4   0.0000000   0.0000000   0.0000000   0.0000000   0.0000000   0.0000000   0.0000000   0.0000000   0.0000000   0.0000000
    5   0.0000000   0.0000000   0.0000000   0.0000000   0.0000000   0.0000000   0.0000000   0.0000000   0.0000000   0.0000000
    6   0.0000000   0.0000000   0.0000000  -0.4767313   0.0000000   0.6546537   0.0000000   0.0000000  -0.1526762   0.3120939
    7   0.0000000   0.0000000   0.0000000   0.0000000   0.0000000   0.0000000   0.0000000   0.0000000   0.0000000   0.0000000
    8   0.0000000   0.0000000   0.0000000   0.0000000   0.0000000   0.0000000   0.0000000   0.0000000   0.0000000   0.0000000
    9   0.0000000   0.0000000   0.0000000  -2.6482045   0.0000000   2.2223356   0.0000000   0.0000000  -1.2721563   1.7336568
   10   0.0000000   0.0000000   0.0000000  -0.7944613   0.0000000   0.9428090   0.0000000   0.0000000  -0.2827014   0.5200970
   11   0.0000000   0.0000000   0.0000000   0.0000000   0.0000000   0.0000000   0.0000000   0.0000000   0.0000000   0.0000000
   12   0.0000000   0.0000000   0.0000000   0.0000000   0.0000000   0.0000000   0.0000000   0.0000000   0.0000000   0.0000000
   13   0.0000000   0.0000000   0.0000000   0.0000000   0.0000000   0.0000000   0.0000000   0.0000000   0.0000000   0.0000000
   14   0.0000000   0.0000000   0.0000000   1.0000000   0.0000000  -0.9362817   0.0000000   0.0000000   0.4367131  -0.6546537
   15   0.0000000   0.0000000   0.0000000   0.0000000   0.0000000   0.0000000   0.0000000   0.0000000   0.0000000   0.0000000
   16   0.0000000   0.0000000   0.0000000  -0.9362817   0.0000000   1.0000000   0.0000000   0.0000000  -0.3664835   0.6129402
   17   0.0000000   0.0000000   0.0000000   0.0000000   0.0000000   0.0000000   0.0000000   0.0000000   0.0000000   0.0000000
   18   0.0000000   0.0000000   0.0000000   0.0000000   0.0000000   0.0000000   0.0000000   0.0000000   0.0000000   0.0000000
   19   0.0000000   0.0000000   0.0000000   0.4367131   0.0000000  -0.3664835   0.0000000   0.0000000   0.2097902  -0.2858959
   20   0.0000000   0.0000000   0.0000000  -0.6546537   0.0000000   0.6129402   0.0000000   0.0000000  -0.2858959   0.4285714
   21   0.0000000   0.0000000   0.0000000   0.0000000   0.0000000   0.0000000   0.0000000   0.0000000   0.0000000   0.0000000
   22   0.0000000   0.0000000   0.0000000  -0.2858959   0.0000000   0.2399197   0.0000000   0.0000000  -0.1373399   0.1871628

          21          22

    1   0.0000000   0.1199400
    2   0.0000000   0.0000000
    3   0.0000000   0.0000000
    4   0.0000000   0.0000000
    5   0.0000000   0.0000000
    6   0.0000000   0.0999500
    7   0.0000000   0.0000000
    8   0.0000000   0.0000000
    9   0.0000000   0.8328218
   10   0.0000000   0.1850715
   11   0.0000000   0.0000000
   12   0.0000000   0.0000000
   13   0.0000000   0.0000000
   14   0.0000000  -0.2858959
   15   0.0000000   0.0000000
   16   0.0000000   0.2399197
   17   0.0000000   0.0000000
   18   0.0000000   0.0000000
   19   0.0000000  -0.1373399
   20   0.0000000   0.1871628
   21   0.0000000   0.0000000
   22   0.0000000   0.0899101
	Should be 1

           1           2           3           4           5           6

    1   1.0000000   0.0000000   0.0000000   0.0000000   0.0000000   0.0000000
    2   0.0000000   1.0000000   0.0000000   0.0000000   0.0000000   0.0000000
    3   0.0000000   0.0000000   1.0000000  -0.0000000   0.0000000   0.0000000
    4   0.0000000   0.0000000   0.0000000   1.0000000   0.0000000   0.0000000
    5   0.0000000   0.0000000   0.0000000   0.0000000   1.0000000   0.0000000
    6   0.0000000   0.0000000   0.0000000   0.0000000   0.0000000   1.0000000
	Should be 1

           1           2           3           4           5           6           7           8           9          10

    1   1.0000000   0.0000000   0.0000000   0.0000000   0.0000000   0.0000000   0.0000000   0.0000000   0.0000000   0.0000000
    2   0.0000000   0.0000000   0.0000000   0.0000000   0.0000000   0.0000000   0.0000000   0.0000000   0.0000000   0.0000000
    3   0.0000000   0.0000000   0.0000000   0.0000000   0.0000000   0.0000000   0.0000000   0.0000000   0.0000000   0.0000000
    4   0.0000000   0.0000000   0.0000000   0.0000000   0.0000000   0.0000000   0.0000000   0.0000000   0.0000000   0.0000000
    5   0.0000000   0.0000000   0.0000000   0.0000000   0.0000000   0.0000000   0.0000000   0.0000000   0.0000000   0.0000000
    6   0.0000000   0.0000000   0.0000000   0.0000000   0.0000000   1.0000000   0.0000000   0.0000000   0.0000000   0.0000000
    7   0.0000000   0.0000000   0.0000000   0.0000000   0.0000000   0.0000000   0.0000000   0.0000000   0.0000000   0.0000000
    8   0.0000000   0.0000000   0.0000000   0.0000000   0.0000000   0.0000000   0.0000000   0.0000000   0.0000000   0.0000000
    9   0.0000000   0.0000000   0.0000000   0.0000000   0.0000000   0.0000000   0.0000000   0.0000000   0.3750000   0.0000000
   10   0.0000000   0.0000000   0.0000000   0.0000000   0.0000000   0.0000000   0.0000000   0.0000000   0.0000000   1.0000000
   11   0.0000000   0.0000000   0.0000000   0.0000000   0.0000000   0.0000000   0.0000000   0.0000000   0.0000000   0.0000000
   12   0.0000000   0.0000000   0.0000000   0.0000000   0.0000000   0.0000000   0.0000000   0.0000000   0.0000000   0.0000000
   13   0.0000000   0.0000000   0.0000000   0.0000000   0.0000000   0.0000000   0.0000000   0.0000000   0.0000000   0.0000000
   14   0.0000000   0.0000000   0.0000000   0.0000000   0.0000000   0.0000000   0.0000000   0.0000000   0.0000000   0.0000000
   15   0.0000000   0.0000000   0.0000000   0.0000000   0.0000000   0.0000000   0.0000000   0.0000000   0.0000000   0.0000000
   16   0.0000000   0.0000000   0.0000000   0.0000000   0.0000000  -0.0000000   0.0000000   0.0000000   0.0000000   0.0000000
   17   0.0000000   0.0000000   0.0000000   0.0000000   0.0000000   0.0000000   0.0000000   0.0000000   0.0000000   0.0000000
   18   0.0000000   0.0000000   0.0000000   0.0000000   0.0000000   0.0000000   0.0000000   0.0000000   0.0000000   0.0000000
   19   0.0000000   0.0000000   0.0000000   0.0000000   0.0000000   0.0000000   0.0000000   0.0000000  -0.0618409   0.0000000
   20   0.0000000   0.0000000   0.0000000   0.0000000   0.0000000   0.0000000   0.0000000   0.0000000   0.0000000   0.0000000
   21   0.0000000   0.0000000   0.0000000   0.0000000   0.0000000   0.0000000   0.0000000   0.0000000   0.0000000   0.0000000
   22   0.0000000   0.0000000   0.0000000   0.0000000   0.0000000   0.0000000   0.0000000   0.0000000   0.0404844   0.0000000

          11          12          13          14          15          16          17          18          19          20

    1   0.0000000   0.0000000   0.0000000   0.0000000   0.0000000   0.0000000   0.0000000   0.0000000   0.0000000   0.0000000
    2   0.0000000   0.0000000   0.0000000   0.0000000   0.0000000   0.0000000   0.0000000   0.0000000   0.0000000   0.0000000
    3   0.0000000   0.0000000   0.0000000   0.0000000   0.0000000   0.0000000   0.0000000   0.0000000   0.0000000   0.0000000
    4   0.0000000   0.0000000   0.0000000   0.0000000   0.0000000   0.0000000   0.0000000   0.0000000   0.0000000   0.0000000
    5   0.0000000   0.0000000   0.0000000   0.0000000   0.0000000   0.0000000   0.0000000   0.0000000   0.0000000   0.0000000
    6   0.0000000   0.0000000   0.0000000   0.0000000   0.0000000   0.0000000   0.0000000   0.0000000   0.0000000   0.0000000
    7   0.0000000   0.0000000   0.0000000   0.0000000   0.0000000   0.0000000   0.0000000   0.0000000   0.0000000   0.0000000
    8   0.0000000   0.0000000   0.0000000   0.0000000   0.0000000   0.0000000   0.0000000   0.0000000   0.0000000   0.0000000
    9   0.0000000   0.0000000   0.0000000   0.0000000   0.0000000   0.0000000   0.0000000   0.0000000  -1.5159862   0.0000000
   10   0.0000000   0.0000000   0.0000000   0.0000000   0.0000000   0.0000000   0.0000000   0.0000000   0.0000000   0.0000000
   11   0.0000000   0.0000000   0.0000000   0.0000000   0.0000000   0.0000000   0.0000000   0.0000000   0.0000000   0.0000000
   12   0.0000000   0.0000000   0.0000000   0.0000000   0.0000000   0.0000000   0.0000000   0.0000000   0.0000000   0.0000000
   13   0.0000000   0.0000000   0.0000000   0.0000000   0.0000000   0.0000000   0.0000000   0.0000000   0.0000000   0.0000000
   14   0.0000000   0.0000000   0.0000000   0.2500000   0.0000000   0.0000000   0.0000000   0.0000000   0.0000000  -1.1456439
   15   0.0000000   0.0000000   0.0000000   0.0000000   0.0000000   0.0000000   0.0000000   0.0000000   0.0000000   0.0000000
   16   0.0000000   0.0000000   0.0000000   0.0000000   0.0000000   1.0000000   0.0000000   0.0000000   0.0000000   0.0000000
   17   0.0000000   0.0000000   0.0000000   0.0000000   0.0000000   0.0000000   0.0000000   0.0000000   0.0000000   0.0000000
   18   0.0000000   0.0000000   0.0000000   0.0000000   0.0000000   0.0000000   0.0000000   0.0000000   0.0000000   0.0000000
   19   0.0000000   0.0000000   0.0000000   0.0000000   0.0000000   0.0000000   0.0000000   0.0000000   0.2500000   0.0000000
   20   0.0000000   0.0000000   0.0000000  -0.1636634   0.0000000   0.0000000   0.0000000   0.0000000   0.0000000   0.7500000
   21   0.0000000   0.0000000   0.0000000   0.0000000   0.0000000   0.0000000   0.0000000   0.0000000   0.0000000   0.0000000
   22   0.0000000   0.0000000   0.0000000   0.0000000   0.0000000   0.0000000   0.0000000   0.0000000  -0.1636634   0.0000000

          21          22

    1   0.0000000   0.0000000
    2   0.0000000   0.0000000
    3   0.0000000   0.0000000
    4   0.0000000   0.0000000
    5   0.0000000   0.0000000
    6   0.0000000   0.0000000
    7   0.0000000   0.0000000
    8   0.0000000   0.0000000
    9   0.0000000   3.4735609
   10   0.0000000   0.0000000
   11   0.0000000   0.0000000
   12   0.0000000   0.0000000
   13   0.0000000   0.0000000
   14   0.0000000   0.0000000
   15   0.0000000   0.0000000
   16   0.0000000   0.0000000
   17   0.0000000   0.0000000
   18   0.0000000   0.0000000
   19   0.0000000  -0.5728220
   20   0.0000000   0.0000000
   21   0.0000000   0.0000000
   22   0.0000000   0.3750000
	Hylleraas functions in terms of determinants

           1           2           3           4           5           6           7           8           9

    1   1.0000000   0.0000000   0.0000000   0.0000000   0.0000000   0.0000000   0.0000000   0.0000000   0.0000000
    2   0.0000000   0.0000000   0.0000000   0.0000000   0.0000000   0.0000000   0.0000000   0.0000000   0.0000000
    3   0.0000000   0.0000000   0.0000000   0.0000000   0.0000000   0.0000000   0.0000000   0.0000000   0.0000000
    4   0.0000000   0.0000000   0.0000000   0.0000000   0.0000000   0.0000000   0.0000000   0.0000000   0.0000000
    5   0.0000000   0.0000000   0.0000000   0.0000000   0.0000000   0.0000000   0.0000000   0.0000000   0.0000000
    6   0.0000000   0.0000000   1.5811388   0.0000000  -2.0000000   0.0000000   1.5811388   0.0000000   0.0000000
    7   0.0000000   0.0000000   0.0000000   0.0000000   0.0000000   0.0000000   0.0000000   0.0000000   0.0000000
    8   0.0000000   0.0000000   0.0000000   0.0000000   0.0000000   0.0000000   0.0000000   0.0000000   0.0000000
    9   0.0000000   0.0000000   0.0000000   0.0000000   0.0000000   0.0000000   0.0000000   0.0000000   2.7774603
   10   0.0000000   0.5345225   0.0000000   0.5345225   0.0000000   0.0000000   0.0000000   0.0000000   0.0000000
   11   0.0000000   0.0000000   0.0000000   0.0000000   0.0000000   0.0000000   0.0000000   0.0000000   0.0000000
   12   0.0000000   0.0000000   0.0000000   0.0000000   0.0000000   0.0000000   0.0000000   0.0000000   0.0000000
   13   0.0000000   0.0000000   0.0000000   0.0000000   0.0000000   0.0000000   0.0000000   0.0000000   0.0000000
   14   0.0000000   0.0000000   0.0000000   0.0000000   0.0000000  -0.5222330   0.0000000  -0.5222330   0.0000000
   15   0.0000000   0.0000000   0.0000000   0.0000000   0.0000000   0.0000000   0.0000000   0.0000000   0.0000000
   16   0.0000000   0.0000000   0.3450328   0.0000000   0.4364358   0.0000000   0.3450328   0.0000000   0.0000000
   17   0.0000000   0.0000000   0.0000000   0.0000000   0.0000000   0.0000000   0.0000000   0.0000000   0.0000000
   18   0.0000000   0.0000000   0.0000000   0.0000000   0.0000000   0.0000000   0.0000000   0.0000000   0.0000000
   19   0.0000000   0.0000000   0.0000000   0.0000000   0.0000000   0.0000000   0.0000000   0.0000000  -0.4580286
   20   0.0000000   0.0000000   0.0000000   0.0000000   0.0000000   0.3418817   0.0000000   0.3418817   0.0000000
   21   0.0000000   0.0000000   0.0000000   0.0000000   0.0000000   0.0000000   0.0000000   0.0000000   0.0000000
   22   0.0000000   0.0000000   0.0000000   0.0000000   0.0000000   0.0000000   0.0000000   0.0000000   0.2998501
	Should be 1

           1           2           3           4           5           6           7           8           9          10

    1   1.0000000   0.0000000   0.0000000   0.0000000   0.0000000   0.0000000   0.0000000   0.0000000   0.0000000   0.0000000
    2   0.0000000   0.0000000   0.0000000   0.0000000   0.0000000   0.0000000   0.0000000   0.0000000   0.0000000   0.0000000
    3   0.0000000   0.0000000   0.0000000   0.0000000   0.0000000   0.0000000   0.0000000   0.0000000   0.0000000   0.0000000
    4   0.0000000   0.0000000   0.0000000   0.0000000   0.0000000   0.0000000   0.0000000   0.0000000   0.0000000   0.0000000
    5   0.0000000   0.0000000   0.0000000   0.0000000   0.0000000   0.0000000   0.0000000   0.0000000   0.0000000   0.0000000
    6   0.0000000   0.0000000   0.0000000   0.0000000   0.0000000   1.0000000   0.0000000   0.0000000   0.0000000   0.0000000
    7   0.0000000   0.0000000   0.0000000   0.0000000   0.0000000   0.0000000   0.0000000   0.0000000   0.0000000   0.0000000
    8   0.0000000   0.0000000   0.0000000   0.0000000   0.0000000   0.0000000   0.0000000   0.0000000   0.0000000   0.0000000
    9   0.0000000   0.0000000   0.0000000   0.0000000   0.0000000   0.0000000   0.0000000   0.0000000   0.3750000   0.0000000
   10   0.0000000   0.0000000   0.0000000   0.0000000   0.0000000   0.0000000   0.0000000   0.0000000   0.0000000   1.0000000
   11   0.0000000   0.0000000   0.0000000   0.0000000   0.0000000   0.0000000   0.0000000   0.0000000   0.0000000   0.0000000
   12   0.0000000   0.0000000   0.0000000   0.0000000   0.0000000   0.0000000   0.0000000   0.0000000   0.0000000   0.0000000
   13   0.0000000   0.0000000   0.0000000   0.0000000   0.0000000   0.0000000   0.0000000   0.0000000   0.0000000   0.0000000
